  -6.85216e-11    2.22912e+06
  -6.58299e-11         743041
  -6.31383e-11    1.48608e+06
  -6.04467e-11    5.94433e+06
   -5.7755e-11    1.04026e+07
  -5.50634e-11    1.26317e+07
  -5.23717e-11    4.01242e+07
  -4.96801e-11     7.2818e+07
  -4.69884e-11    1.33004e+08
  -4.42968e-11    2.55606e+08
  -4.16052e-11    4.82977e+08
  -3.89135e-11    7.08861e+08
  -3.62219e-11    1.20224e+09
  -3.35302e-11    1.85389e+09
  -3.08386e-11    2.85774e+09
  -2.81469e-11      4.164e+09
  -2.54553e-11    5.85888e+09
  -2.27637e-11    8.05382e+09
   -2.0072e-11    1.05467e+10
  -1.73804e-11    1.35248e+10
  -1.46887e-11    1.64494e+10
  -1.19971e-11    1.94082e+10
  -9.30545e-12    2.24339e+10
  -6.61381e-12    2.49558e+10
  -3.92217e-12      2.643e+10
  -1.23053e-12    2.74754e+10
   1.46111e-12    2.72035e+10
   4.15276e-12    2.65793e+10
    6.8444e-12     2.4669e+10
   9.53604e-12    2.23351e+10
   1.22277e-11    1.92574e+10
   1.49193e-11    1.61589e+10
    1.7611e-11    1.31957e+10
   2.03026e-11    1.02733e+10
   2.29942e-11    7.76701e+09
   2.56859e-11    5.71844e+09
   2.83775e-11     4.0414e+09
   3.10692e-11    2.78566e+09
   3.37608e-11    1.83903e+09
   3.64525e-11    1.13685e+09
   3.91441e-11    6.82855e+08
   4.18357e-11    4.10159e+08
   4.45274e-11    2.62293e+08
    4.7219e-11    1.12199e+08
   4.99107e-11    7.50471e+07
   5.26023e-11    4.68116e+07
    5.5294e-11    1.56039e+07
   5.79856e-11    5.94433e+06
   6.06772e-11    5.20129e+06
   6.33689e-11    2.22912e+06
