  -6.91283e-11    1.47311e+06
   -6.6413e-11              0
  -6.36977e-11    4.41934e+06
  -6.09823e-11    4.41934e+06
   -5.8267e-11    4.41934e+06
  -5.55517e-11    1.47311e+07
  -5.28363e-11    4.12472e+07
   -5.0121e-11    7.21826e+07
  -4.74056e-11    1.20795e+08
  -4.46903e-11    2.29069e+08
   -4.1975e-11    3.80063e+08
  -3.92596e-11    6.68794e+08
  -3.65443e-11    1.09452e+09
   -3.3829e-11    1.79941e+09
  -3.11136e-11    2.75546e+09
  -2.83983e-11    4.02087e+09
   -2.5683e-11    5.65823e+09
  -2.29676e-11     7.8296e+09
  -2.02523e-11    1.02853e+10
  -1.75369e-11    1.33368e+10
  -1.48216e-11    1.61608e+10
  -1.21063e-11      1.923e+10
  -9.39094e-12    2.23818e+10
   -6.6756e-12    2.48404e+10
  -3.96027e-12    2.66486e+10
  -1.24493e-12     2.7657e+10
    1.4704e-12    2.73137e+10
   4.18574e-12    2.65588e+10
   6.90108e-12    2.48345e+10
   9.61641e-12    2.19678e+10
   1.23317e-11    1.93214e+10
   1.50471e-11    1.61277e+10
   1.77624e-11    1.29745e+10
   2.04778e-11    1.00908e+10
   2.31931e-11    7.63515e+09
   2.59084e-11    5.47041e+09
   2.86238e-11     3.8846e+09
   3.13391e-11     2.6052e+09
   3.40544e-11    1.68009e+09
   3.67698e-11    1.05622e+09
   3.94851e-11    6.48907e+08
   4.22004e-11    3.82273e+08
   4.49158e-11    2.17284e+08
   4.76311e-11    1.30371e+08
   5.03465e-11    6.55536e+07
   5.30618e-11    3.68279e+07
   5.57771e-11    1.91505e+07
   5.84925e-11    8.83869e+06
   6.12078e-11    4.41934e+06
   6.39231e-11    3.68279e+06
