  -3.18428e-23    6.12787e+18
  -3.05373e-23    9.19181e+18
  -2.92318e-23    1.22557e+19
  -2.79263e-23    2.91074e+19
  -2.66208e-23    4.59591e+19
  -2.53153e-23    1.50133e+20
  -2.40098e-23    2.32859e+20
  -2.27043e-23    3.99844e+20
  -2.13988e-23    7.15429e+20
  -2.00933e-23    1.20413e+21
  -1.87877e-23    1.98237e+21
  -1.74822e-23    3.08538e+21
  -1.61767e-23    4.62348e+21
  -1.48712e-23    6.94748e+21
  -1.35657e-23    9.81685e+21
  -1.22602e-23    1.34721e+22
  -1.09547e-23    1.79148e+22
  -9.64918e-24    2.30485e+22
  -8.34366e-24    2.86095e+22
  -7.03815e-24    3.43329e+22
  -5.73264e-24    4.01376e+22
  -4.42714e-24    4.52666e+22
  -3.12163e-24    4.99606e+22
  -1.81612e-24    5.25695e+22
  -5.10605e-25    5.44278e+22
   7.94905e-25    5.38747e+22
   2.10042e-24    5.21467e+22
   3.40592e-24    4.89157e+22
   4.71143e-24    4.41774e+22
   6.01694e-24    3.88385e+22
   7.32246e-24     3.3449e+22
   8.62797e-24    2.71036e+22
   9.93347e-24    2.15671e+22
    1.1239e-23    1.68685e+22
   1.25445e-23    1.26096e+22
     1.385e-23    9.21479e+21
   1.51555e-23    6.52772e+21
    1.6461e-23    4.34466e+21
   1.77665e-23    2.88163e+21
    1.9072e-23    1.84296e+21
   2.03776e-23    1.10761e+21
   2.16831e-23     6.7713e+20
   2.29886e-23     3.9678e+20
   2.42941e-23    2.25199e+20
   2.55996e-23    1.04174e+20
   2.69051e-23    5.51509e+19
   2.82106e-23    2.75754e+19
   2.95161e-23    1.07238e+19
   3.08216e-23    9.19181e+18
   3.21271e-23    7.65984e+18
