  -6.91898e-11         734935
  -6.64685e-11         734935
  -6.37472e-11    1.46987e+06
  -6.10259e-11    3.67468e+06
  -5.83045e-11    5.87948e+06
  -5.55832e-11    2.20481e+07
  -5.28619e-11    3.08673e+07
  -5.01405e-11    6.17346e+07
  -4.74192e-11    1.44782e+08
  -4.46979e-11     2.2342e+08
  -4.19766e-11    4.29937e+08
  -3.92552e-11    6.92309e+08
  -3.65339e-11    1.11416e+09
  -3.38126e-11    1.80721e+09
  -3.10912e-11    2.77291e+09
  -2.83699e-11    4.12005e+09
  -2.56486e-11    5.79643e+09
  -2.29273e-11    7.84543e+09
  -2.02059e-11    1.04192e+10
  -1.74846e-11    1.32964e+10
  -1.47633e-11    1.63722e+10
  -1.20419e-11    1.94324e+10
  -9.32062e-12    2.24163e+10
  -6.59929e-12    2.46549e+10
  -3.87796e-12     2.6587e+10
  -1.15664e-12    2.74028e+10
   1.56469e-12     2.7505e+10
   4.28602e-12    2.64893e+10
   7.00735e-12    2.43903e+10
   9.72868e-12    2.20591e+10
     1.245e-11    1.90282e+10
   1.51713e-11    1.60407e+10
   1.78927e-11    1.28753e+10
    2.0614e-11    9.88561e+09
   2.33353e-11    7.51104e+09
   2.60566e-11    5.41206e+09
    2.8778e-11    3.87605e+09
   3.14993e-11    2.52744e+09
   3.42206e-11    1.71093e+09
    3.6942e-11    1.05757e+09
   3.96633e-11    6.58502e+08
   4.23846e-11    3.69672e+08
   4.51059e-11    1.92553e+08
   4.78273e-11    1.10975e+08
   5.05486e-11    6.32044e+07
   5.32699e-11    2.35179e+07
   5.59913e-11    1.54336e+07
   5.87126e-11    4.40961e+06
   6.14339e-11    4.40961e+06
   6.41552e-11    1.46987e+06
